0,10000,0,0,0,0,0,18000
0.9999999194405973,10000.000027777893,0,0,5.5555898493906222e-05,0,0,17999.777777777777
2.0000001532025635,10000.000111112027,0,0,0.00011111248287580414,0,0,17999.555555555555
3.0000000726431608,10000.000250003088,0,0,0.00016666975316262974,0,0,17999.333333333332
3.9999999920837581,10000.000444451762,0,0,0.00022222770937131974,0,0,17999.111111111109
4.9999999115243554,10000.000694458737,0,0,0.00027778635151881143,0,0,17998.888888888887
6.0000001452863216,10000.001000024695,0,0,0.00033334567962204264,0,0,17998.666666666664
7.0000000647269189,10000.001361150322,0,0,0.00038890569369795199,0,0,17998.444444444442
7.9999999841675162,10000.001777836307,0,0,0.00044446639376347855,0,0,17998.222222222219
8.9999999036081135,10000.002250083337,0,0,0.00050002777983556223,0,0,17997.999999999996
10.00000013737008,10000.002777892094,0,0,0.00055558985193114336,0,0,17997.777777777774
11.000000056810677,10000.003361263269,0,0,0.00061115261006716303,0,0,17997.555555555551
11.999999976251274,10000.004000197543,0,0,0.00066671605426056309,0,0,17997.333333333328
12.999999895691872,10000.004694695606,0,0,0.0007222801845282854,0,0,17997.111111111106
14.000000129453838,10000.005444758141,0,0,0.00077784500088727321,0,0,17996.888888888883
15.000000048894435,10000.006250385833,0,0,0.00083341050335447022,0,0,17996.666666666661
15.999999968335032,10000.007111579376,0,0,0.00088897669194682024,0,0,17996.444444444438
16.99999988777563,10000.008028339449,0,0,0.00094454356668126848,0,0,17996.222222222215
18.000000121537596,10000.009000666738,0,0,0.0010001111275747601,0,0,17995.999999999993
19.000000040978193,10000.010028561934,0,0,0.0010556793746442411,0,0,17995.77777777777
19.999999960418791,10000.011112025717,0,0,0.0011112483079066581,0,0,17995.555555555547
20.999999879859388,10000.012251058777,0,0,0.0011668179273789591,0,0,17995.333333333325
22.000000113621354,10000.013445661802,0,0,0.0012223882330780914,0,0,17995.111111111102
23.000000033061951,10000.014695835473,0,0,0.0012779592250210037,0,0,17994.88888888888
23.999999952502549,10000.016001580479,0,0,0.0013335309032246456,0,0,17994.666666666657
24.999999871943146,10000.017362897512,0,0,0.0013891032677059664,0,0,17994.444444444434
26.000000105705112,10000.018779787248,0,0,0.0014446763184819166,0,0,17994.222222222212
27.00000002514571,10000.020252250377,0,0,0.0015002500555694473,0,0,17993.999999999989
27.999999944586307,10000.021780287587,0,0,0.0015558244789855109,0,0,17993.777777777766
28.999999864026904,10000.023363899565,0,0,0.0016113995887470593,0,0,17993.555555555544
30.00000009778887,10000.025003086994,0,0,0.0016669753848710448,0,0,17993.333333333321
31.000000017229468,10000.026697850562,0,0,0.0017225518673744218,0,0,17993.111111111099
31.999999936670065,10000.028448190955,0,0,0.0017781290362741441,0,0,17992.888888888876
32.999999856110662,10000.030254108862,0,0,0.0018337068915871672,0,0,17992.666666666653
34.000000089872628,10000.032115604967,0,0,0.0018892854333304463,0,0,17992.444444444431
35.000000009313226,10000.034032679956,0,0,0.0019448646615209373,0,0,17992.222222222208
35.999999928753823,10000.036005334519,0,0,0.0020004445761755973,0,0,17991.999999999985
36.99999984819442,10000.038033569337,0,0,0.0020560251773113834,0,0,17991.777777777763
38.000000081956387,10000.040117385099,0,0,0.002111606464945254,0,0,17991.55555555554
39.000000001396984,10000.042256782492,0,0,0.0021671884390941664,0,0,17991.333333333318
39.999999920837581,10000.044451762205,0,0,0.0022227710997750811,0,0,17991.111111111095
41.000000154599547,10000.04670232492,0,0,0.0022783544470049576,0,0,17990.888888888872
42.000000074040145,10000.049008471327,0,0,0.0023339384808007571,0,0,17990.66666666665
42.999999993480742,10000.051370202114,0,0,0.0023895232011794396,0,0,17990.444444444427
43.999999912921339,10000.053787517963,0,0,0.0024451086081579685,0,0,17990.222222222204
45.000000146683306,10000.056260419562,0,0,0.0025006947017533047,0,0,17989.999999999982
46.000000066123903,10000.058788907596,0,0,0.0025562814819824115,0,0,17989.777777777759
46.9999999855645,10000.061372982756,0,0,0.0026118689488622525,0,0,17989.555555555537
47.999999905005097,10000.064012645724,0,0,0.0026674571024097914,0,0,17989.333333333314
49.000000138767064,10000.066707897189,0,0,0.0027230459426419947,0,0,17989.111111111091
50.000000058207661,10000.069458737835,0,0,0.0027786354695758272,0,0,17988.888888888869
50.999999977648258,10000.072265168354,0,0,0.0028342256832282553,0,0,17988.666666666646
51.999999897088856,10000.07512718943,0,0,0.002889816583616246,0,0,17988.444444444423
53.000000130850822,10000.078044801752,0,0,0.002945408170756766,0,0,17988.222222222201
54.000000050291419,10000.081018006003,0,0,0.0030010004446667836,0,0,17987.999999999978
54.999999969732016,10000.084046802871,0,0,0.0030565934053632679,0,0,17987.777777777756
55.999999889172614,10000.087131193044,0,0,0.003112187052863188,0,0,17987.555555555533
57.00000012293458,10000.090271177209,0,0,0.0031677813871835133,0,0,17987.33333333331
58.000000042375177,10000.093466756047,0,0,0.003223376408341215,0,0,17987.111111111088
58.999999961815774,10000.096717930252,0,0,0.0032789721163532636,0,0,17986.888888888865
59.999999881256372,10000.100024700505,0,0,0.0033345685112366311,0,0,17986.666666666642
60.999999800696969,10000.103359269013,0,0,0.0033345685112366311,0,0,17986.666666666642
62.000000034458935,10000.106693837521,0,0,0.0033345685112366311,0,0,17986.666666666642
62.999999953899533,10000.110028406029,0,0,0.0033345685112366311,0,0,17986.666666666642
63.99999987334013,10000.113362974536,0,0,0.0033345685112366311,0,0,17986.666666666642
64.999999792780727,10000.116697543044,0,0,0.0033345685112366311,0,0,17986.666666666642
66.000000026542693,10000.120032111552,0,0,0.0033345685112366311,0,0,17986.666666666642
66.999999945983291,10000.12336668006,0,0,0.0033345685112366311,0,0,17986.666666666642
67.999999865423888,10000.126701248568,0,0,0.0033345685112366311,0,0,17986.666666666642
68.999999784864485,10000.130035817076,0,0,0.0033345685112366311,0,0,17986.666666666642
70.000000018626451,10000.133370385583,0,0,0.0033345685112366311,0,0,17986.666666666642
70.999999938067049,10000.136704954091,0,0,0.0033345685112366311,0,0,17986.666666666642
71.999999857507646,10000.140039522599,0,0,0.0033345685112366311,0,0,17986.666666666642
72.999999776948243,10000.143374091107,0,0,0.0033345685112366311,0,0,17986.666666666642
74.00000001071021,10000.146708659615,0,0,0.0033345685112366311,0,0,17986.666666666642
74.999999930150807,10000.150043228123,0,0,0.0033345685112366311,0,0,17986.666666666642
75.999999849591404,10000.153377796631,0,0,0.0033345685112366311,0,0,17986.666666666642
76.999999769032001,10000.156712365138,0,0,0.0033345685112366311,0,0,17986.666666666642
78.000000002793968,10000.160046933646,0,0,0.0033345685112366311,0,0,17986.666666666642
78.999999922234565,10000.163381502154,0,0,0.0033345685112366311,0,0,17986.666666666642
79.999999841675162,10000.166716070662,0,0,0.0033345685112366311,0,0,17986.666666666642
80.99999976111576,10000.17005063917,0,0,0.0033345685112366311,0,0,17986.666666666642
81.999999994877726,10000.173385207678,0,0,0.0033345685112366311,0,0,17986.666666666642
82.999999914318323,10000.176719776186,0,0,0.0033345685112366311,0,0,17986.666666666642
83.99999983375892,10000.180054344693,0,0,0.0033345685112366311,0,0,17986.666666666642
84.999999753199518,10000.183388913201,0,0,0.0033345685112366311,0,0,17986.666666666642
85.999999986961484,10000.186723481709,0,0,0.0033345685112366311,0,0,17986.666666666642
86.999999906402081,10000.190058050217,0,0,0.0033345685112366311,0,0,17986.666666666642
87.999999825842679,10000.193392618725,0,0,0.0033345685112366311,0,0,17986.666666666642
88.999999745283276,10000.196727187233,0,0,0.0033345685112366311,0,0,17986.666666666642
89.999999979045242,10000.200061755741,0,0,0.0033345685112366311,0,0,17986.666666666642
90.999999898485839,10000.203396324248,0,0,0.0033345685112366311,0,0,17986.666666666642
91.999999817926437,10000.206730892756,0,0,0.0033345685112366311,0,0,17986.666666666642
92.999999737367034,10000.210065461264,0,0,0.0033345685112366311,0,0,17986.666666666642
93.999999971129,10000.213400029772,0,0,0.0033345685112366311,0,0,17986.666666666642
94.999999890569597,10000.21673459828,0,0,0.0033345685112366311,0,0,17986.666666666642
95.999999810010195,10000.220069166788,0,0,0.0033345685112366311,0,0,17986.666666666642
96.999999729450792,10000.223403735296,0,0,0.0033345685112366311,0,0,17986.666666666642
97.999999963212758,10000.226738303803,0,0,0.0033345685112366311,0,0,17986.666666666642
98.999999882653356,10000.230072872311,0,0,0.0033345685112366311,0,0,17986.666666666642
99.999999802093953,10000.233407440819,0,0,0.0033345685112366311,0,0,17986.666666666642
101.00000003585592,10000.236742009327,0,0,0.0033345685112366311,0,0,17986.666666666642
101.99999995529652,10000.240076577835,0,0,0.0033345685112366311,0,0,17986.666666666642
102.99999987473711,10000.243411146343,0,0,0.0033345685112366311,0,0,17986.666666666642
103.99999979417771,10000.24674571485,0,0,0.0033345685112366311,0,0,17986.666666666642
105.00000002793968,10000.250080283358,0,0,0.0033345685112366311,0,0,17986.666666666642
105.99999994738027,10000.253414851866,0,0,0.0033345685112366311,0,0,17986.666666666642
106.99999986682087,10000.256749420374,0,0,0.0033345685112366311,0,0,17986.666666666642
107.99999978626147,10000.260083988882,0,0,0.0033345685112366311,0,0,17986.666666666642
109.00000002002344,10000.26341855739,0,0,0.0033345685112366311,0,0,17986.666666666642
109.99999993946403,10000.266753125898,0,0,0.0033345685112366311,0,0,17986.666666666642
110.99999985890463,10000.270087694405,0,0,0.0033345685112366311,0,0,17986.666666666642
111.99999977834523,10000.273422262913,0,0,0.0033345685112366311,0,0,17986.666666666642
113.00000001210719,10000.276756831421,0,0,0.0033345685112366311,0,0,17986.666666666642
113.99999993154779,10000.280091399929,0,0,0.0033345685112366311,0,0,17986.666666666642
114.99999985098839,10000.283425968437,0,0,0.0033345685112366311,0,0,17986.666666666642
115.99999977042899,10000.286760536945,0,0,0.0033345685112366311,0,0,17986.666666666642
117.00000000419095,10000.290095105453,0,0,0.0033345685112366311,0,0,17986.666666666642
117.99999992363155,10000.29342967396,0,0,0.0033345685112366311,0,0,17986.666666666642
118.99999984307215,10000.296764242468,0,0,0.0033345685112366311,0,0,17986.666666666642
119.99999976251274,10000.300098810976,0,0,0.0033345685112366311,0,0,17986.666666666642
